SUMMARY STATISTICS
========================================================================================================================

          bert_f1      rouge1      rouge2      rougeL  strict_coverage_overall  lenient_coverage_overall  Completeness_Score  Conciseness_Score  Readability_Score     Score_B
count  110.000000  110.000000  110.000000  110.000000               110.000000                110.000000          110.000000         110.000000         110.000000  110.000000
mean     0.827297    0.272998    0.048600    0.151845                 0.421091                  0.406121            8.781818           7.809091           8.854545    3.936364
std      0.011970    0.073811    0.027889    0.033150                 0.112581                  0.101903            0.626360           0.735664           0.485314    1.042908
min      0.794541    0.055000    0.000000    0.045000                 0.000000                  0.000000            6.000000           5.000000           7.000000    2.000000
25%      0.819206    0.224415    0.026966    0.129931                 0.346667                  0.333333            9.000000           8.000000           9.000000    3.000000
50%      0.828092    0.269767    0.047319    0.150616                 0.426667                  0.415833            9.000000           8.000000           9.000000    3.000000
75%      0.835307    0.321791    0.071087    0.174922                 0.493333                  0.477083            9.000000           8.000000           9.000000    5.000000
max      0.859409    0.450704    0.111437    0.233236                 0.790000                  0.598333            9.000000           9.000000          10.000000    5.000000